3   1
3.12   1.64
3.24   2.233846153846154
3.3600000000000003   2.7883760683760683
3.4800000000000004   3.3092063492063493
3.6000000000000005   3.800985221674877
3.7200000000000006   4.267586206896552
3.8400000000000007   4.71225806451613
3.960000000000001   5.137741935483872
4.080000000000001   5.546363636363637
4.200000000000001   5.940106951871658
4.320000000000001   6.320672268907563
4.440000000000001   6.689523809523809
4.560000000000001   7.047927927927928
4.6800000000000015   7.396984352773827
4.800000000000002   7.7376518218623485
4.920000000000002   8.070769230769232
