0   2
-0.05   1.950015625
0.05   2.049984375
-0.1   1.9001471354166668
0.1   2.0998554687500004
-0.15000000000000002   1.8505253255208334
0.15000000000000002   2.1494939453125004
-0.2   1.801287529296875
0.2   2.1987864355468756
-0.25   1.7525779474283856
0.25   2.247625238769532
-0.3   1.7045479906331382
0.3   2.295908039331055
-0.35   1.6573566401647952
0.35   2.3435376373645025
-0.39999999999999997   1.6111708263397015
0.39999999999999997   2.3904216929962776
-0.44999999999999996   1.56616582599002
0.44999999999999996   2.436472483346464
-0.49999999999999994   1.522525679789521
0.49999999999999994   2.481606671679141
-0.5499999999999999   1.4804436304456636
0.5499999999999999   2.525745088095184
-0.6   1.44012258280128
0.6   2.568812521190425
-0.65   1.401775586941344
0.65   2.6107375201309035
-0.7000000000000001   1.3656263454550779
0.7000000000000001   2.6514522066243584
-0.7500000000000001   1.331909746061165
0.7500000000000001   2.6908920962931404
-0.8000000000000002   1.3008724208642233
0.8000000000000002   2.7289959289784833
-0.8500000000000002   1.2727733335741012
0.8500000000000002   2.7657055075295593
-0.9000000000000002   1.2478843960861397
0.9000000000000002   2.8009655446530815
-0.9500000000000003   1.2264911158904466
0.9500000000000003   2.8347235174204273
-1.0000000000000002   1.2088932758516355
1.0000000000000002   2.866929529049406
-1.0500000000000003   1.1954056479775506
1.0500000000000003   2.8975361775969355
-1.1000000000000003   1.1863587428764282
1.1000000000000003   2.9264984312170887
-1.1500000000000004   1.1820995966869163
1.1500000000000004   2.9537735096562345
-1.2000000000000004   1.1829925973545954
1.2000000000000004   2.979320771673423
-1.2500000000000004   1.1894203522223252
1.2500000000000004   3.003101608089752
-1.3000000000000005   1.2017845990001081
1.3000000000000005   3.0250793401852643
-1.3500000000000005   1.220507162283447
1.3500000000000005   3.0452191231760013
-1.4000000000000006   1.2460309578976192
1.4000000000000006   3.0634878545172013
-1.4500000000000006   1.2788210474591668
1.4500000000000006   3.0798540867913413
-1.5000000000000007   1.3193657456654586
1.5000000000000007   3.094287944951774
-1.5500000000000007   1.3681777829487316
1.5500000000000007   3.1067610477041856
-1.6000000000000008   1.4257955262628348
1.6000000000000008   3.1172464328189764
-1.6500000000000008   1.4927842609093098
1.6500000000000008   3.1257184861780276
-1.7000000000000008   1.5697375364547754
1.7000000000000008   3.1321528743691265
-1.7500000000000009   1.657278579944181
1.7500000000000009   3.1365264806506703
-1.800000000000001   1.7560617797747233
1.800000000000001   3.1388173441181366
-1.850000000000001   1.8667742437634596
1.850000000000001   3.1390046019122297
-1.900000000000001   1.9901374351182992
1.900000000000001   3.1370684343166184
-1.950000000000001   2.1269088902075475
1.950000000000001   3.1329900126007875
-2.000000000000001   2.277884022217925
2.000000000000001   3.1267514494707482
-2.0500000000000007   2.443898014995488
2.0500000000000007   3.118335751997211
-2.1000000000000005   2.6258278115785956
2.1000000000000005   3.1077267768973504
-2.1500000000000004   2.824594202157525
2.1500000000000004   3.094909188052483
-2.2   3.0411640164320684
2.2   3.079868416149859
-2.25   3.2765524255870053
2.25   3.062590620342366
-2.3   3.5318253593663558
2.3   3.043062651825248
-2.3499999999999996   3.8081020440013402
2.3499999999999996   3.0212720192339857
-2.3999999999999995   4.106557667034741
2.3999999999999995   2.9972068557722866
-2.4499999999999993   4.428426175386478
2.4499999999999993   2.970855887983672
-2.499999999999999   4.775003213322468
2.499999999999999   2.9422084060844886
-2.549999999999999   5.147649207321924
2.549999999999999   2.911254235780264
-2.5999999999999988   5.547792605188021
2.5999999999999988   2.877983711491251
-2.6499999999999986   5.976933277114089
2.6499999999999986   2.8423876509166885
-2.6999999999999984   6.436646086803126
2.6999999999999984   2.804457330870854
-2.7499999999999982   6.928584641143282
2.7499999999999982   2.7641844643273115
-2.799999999999998   7.454485227367113
2.799999999999998   2.721561178610946
-2.849999999999998   8.016170947068801
2.849999999999998   2.6765799946803988
-2.8999999999999977   8.615556056922241
2.8999999999999977   2.629233807446379
-2.9499999999999975   9.25465052643502
2.9499999999999975   2.57951586707406
-2.9999999999999973   9.935564823590104
2.9999999999999973   2.527419761220357
-3.049999999999997   10.660514939769609
3.049999999999997   2.4729393981593395
-3.099999999999997   11.431827665924756
3.099999999999997   2.4160689907513726
-3.149999999999997   12.251946132554327
3.149999999999997   2.356803041213804
-3.1999999999999966   13.123435626682044
3.1999999999999966   2.295136326653114
-3.2499999999999964   14.048989699682814
3.2499999999999964   2.2310638853204585
-3.2999999999999963   15.031436580500287
3.2999999999999963   2.164581003554436
-3.349999999999996   16.0737459095253
3.349999999999996   2.0956832033767143
-3.399999999999996   17.179035809168234
3.399999999999996   2.0243662307078787
-3.4499999999999957   18.35058030795998
3.4499999999999957   1.950626044172485
-3.4999999999999956   19.59181713585798
3.4999999999999956   1.8744588044638608
-3.5499999999999954   20.906355909317547
3.5499999999999954   1.795860864240668
-3.599999999999995   22.29798672561676
3.599999999999995   1.7148287585286348
-3.649999999999995   23.7706891868976
3.649999999999995   1.6313591956022033
-3.699999999999995   25.328641875409144
3.699999999999995   1.5454490483220935
-3.7499999999999947   26.976232302512933
3.7499999999999947   1.457095345905989
-3.7999999999999945   28.71806735513858
3.7999999999999945   1.3662952661106897
-3.8499999999999943   30.558984264562174
3.8499999999999943   1.2730461278051555
-3.899999999999994   32.50406212362361
3.899999999999994   1.177345383914898
-3.949999999999994   34.558633979804796
3.949999999999994   1.0791906147191535
-3.999999999999994   36.7282995329617
3.999999999999994   0.9785795214831962
-4.049999999999994   39.018938467943116
4.049999999999994   0.8755099204090366
-4.099999999999993   41.43672445384027
4.099999999999993   0.7699797368885851
-4.149999999999993   43.98813984319895
4.149999999999993   0.6619870000441562
-4.199999999999993   46.67999110619223
4.199999999999993   0.5515298375419488
-4.249999999999993   49.51942503650184
4.249999999999993   0.4386064706648518
-4.299999999999993   52.5139457674936
4.299999999999993   0.3232152096316096
-4.3499999999999925   55.67143263920162
4.3499999999999925   0.20535444915002954
-4.399999999999992   59.0001589586617
4.399999999999992   0.08502266419252852
-4.449999999999992   62.508811698261454
4.449999999999992   -0.03778159401709745
-4.499999999999992   66.20651217900786
4.499999999999992   -0.16305970181624208
-4.549999999999992   70.10283778795825
4.549999999999992   -0.29081296672542944
-4.599999999999992   74.20784478152282
4.599999999999992   -0.4210426308891575
-4.6499999999999915   78.5320922289323
4.6499999999999915   -0.553749874344699
-4.699999999999991   83.08666715287892
4.699999999999991   -0.6889358181274635
-4.749999999999991   87.88321092718952
4.749999999999991   -0.8266015272210898
-4.799999999999991   92.93394699438234
4.799999999999991   -0.9667480133600348
-4.849999999999991   98.25170996910146
4.849999999999991   -1.1093762376920324
-4.899999999999991   103.84997619672319
4.899999999999991   -1.2544871133074302
-4.94999999999999   109.74289583989268
4.94999999999999   -1.402081507642058
-4.99999999999999   115.94532656938732
4.99999999999999   -1.5521602447599545
-5.04999999999999   122.47286893952335
