0   2
-0.2   1.801
0.2   2.199
-0.4   1.6096666666666666
0.4   2.391
-0.6000000000000001   1.4355333333333333
0.6000000000000001   2.5694
-0.8   1.29004
0.8   2.72892
-1.0   1.1869146666666668
1.0   2.865336
-1.2   1.1426309333333335
1.2   2.9752688000000003
-1.4   1.1769571200000002
1.4   3.05601504
-1.5999999999999999   1.313615210666667
1.5999999999999999   3.1054120320000003
-1.7999999999999998   1.5810715861333338
1.7999999999999998   3.1217296256000004
-1.9999999999999998   2.0134859033600003
1.9999999999999998   3.1035837004800007
-2.1999999999999997   2.651849750698667
2.1999999999999997   3.0498669603840005
-2.4   3.545353034171734
2.4   2.9596935683072005
-2.6   4.753023641006081
2.6   2.8323548546457604
-2.8000000000000003   6.345695035873963
2.8000000000000003   2.6672838837166086
-3.0000000000000004   8.40836737638209
3.0000000000000004   2.464027106973287
-3.2000000000000006   11.043040851658509
3.2000000000000006   2.2222216855786296
-3.400000000000001   14.372115688656876
3.400000000000001   1.9415773484629038
-3.600000000000001   18.542472159721584
3.600000000000001   1.621861878770323
-3.800000000000001   23.7303665916659
3.800000000000001   1.2628895030162584
-4.000000000000001   30.147306576665745
4.000000000000001   0.8645116024130066
-4.200000000000001   38.04710122533223
4.200000000000001   0.4266092819304051
-4.400000000000001   47.734321470398676
4.400000000000001   -0.050912574455676096
-4.600000000000001   59.57445243114508
4.600000000000001   -0.5681300595645411
-4.800000000000002   74.00607625070744
4.800000000000002   -1.1251040476516332
-5.000000000000002   91.55549150084893
