2   2.71828
2.01   2.731871390857708
2.0199999999999996   2.745530569295914
2.0299999999999994   2.7592578734056743
2.039999999999999   2.773053642960127
2.049999999999999   2.7869182194229007
2.0599999999999987   2.8008519459565657
2.0699999999999985   2.814855167431125
2.0799999999999983   2.8289282304325476
2.089999999999998   2.8430714832713444
2.099999999999998   2.857285275991184
2.1099999999999977   2.871569960377554
2.1199999999999974   2.885925889966461
2.1299999999999972   2.9003534200531753
2.139999999999997   2.914852907701021
2.149999999999997   2.9294247117502032
2.1599999999999966   2.944069192826685
2.1699999999999964   2.9587867133511034
2.179999999999996   2.9735776375477316
2.189999999999996   2.988442331453485
2.1999999999999957   3.0033811629269707
2.2099999999999955   3.0183945016575824
2.2199999999999953   3.0334827191746396
2.229999999999995   3.0486461888565723
2.239999999999995   3.06388528594015
2.2499999999999947   3.0792003875297578
2.2599999999999945   3.094591872606716
2.2699999999999942   3.1100601220386483
2.279999999999994   3.1256055185888934
2.289999999999994   3.1412284469259655
2.2999999999999936   3.156929293633061
2.3099999999999934   3.172708447217609
2.319999999999993   3.1885662981208744
2.329999999999993   3.2045032387276047
2.3399999999999928   3.220519663375724
2.3499999999999925   3.236615968366078
2.3599999999999923   3.2527925519722243
2.369999999999992   3.2690498144502724
2.379999999999992   3.2853881580487716
2.3899999999999917   3.3018079870186496
2.3999999999999915   3.318309707623197
2.4099999999999913   3.334893728148105
2.419999999999991   3.3515604589115493
2.429999999999991   3.368310312274326
2.4399999999999906   3.385143702650038
2.4499999999999904   3.4020610465153287
2.45999999999999   3.419062762420171
2.46999999999999   3.4361492709982024
2.4799999999999898   3.453320994977116
2.4899999999999896   3.470578359189099
2.4999999999999893   3.487921790581325
2.509999999999989   3.505351718226497
2.519999999999989   3.5228685733334446
2.5299999999999887   3.5404727892577723
2.5399999999999885   3.5581648015125595
2.5499999999999883   3.575945047779116
2.559999999999988   3.593813967917789
2.569999999999988   3.611772003978824
2.5799999999999876   3.629819600213281
2.5899999999999874   3.6479572030840015
2.599999999999987   3.6661852612766337
2.609999999999987   3.6845042257107092
2.619999999999987   3.7029145495507776
2.6299999999999866   3.721416688217593
2.6399999999999864   3.74001109939936
2.649999999999986   3.758698243063029
2.659999999999986   3.7774785814656573
2.6699999999999857   3.7963525791658164
2.6799999999999855   3.8153207030350624
2.6899999999999853   3.834383422269461
2.699999999999985   3.8535412084011704
2.709999999999985   3.872794535310081
2.7199999999999847   3.892143879235513
2.7299999999999844   3.911589718787973
2.7399999999999842   3.9311325349609665
2.749999999999984   3.9507728111428726
2.759999999999984   3.970511033128875
2.7699999999999836   3.990347689132952
2.7799999999999834   4.010283269799929
2.789999999999983   4.030318268217588
2.799999999999983   4.050453179928836
2.8099999999999827   4.0706885029439395
2.8199999999999825   4.091024737752813
2.8299999999999823   4.111462387337372
2.839999999999982   4.132001957183951
2.849999999999982   4.152643955295773
2.8599999999999817   4.17338889220549
2.8699999999999815   4.194237280987785
2.8799999999999812   4.21518963727203
2.889999999999981   4.236246479255016
2.899999999999981   4.257408327713735
2.9099999999999806   4.278675706018241
2.9199999999999804   4.300049140144557
2.92999999999998   4.321529158687661
2.93999999999998   4.343116292874528
2.9499999999999797   4.36481107657724
2.9599999999999795   4.38661404632616
2.9699999999999793   4.408525741323172
2.979999999999979   4.430546703454987
2.989999999999979   4.452677477306516
2.9999999999999787   4.474918610174305
3.0099999999999785   4.497270652080042
3.0199999999999783   4.519734155784131
3.029999999999978   4.542309676799328
3.039999999999978   4.564997773404451
3.0499999999999776   4.587799006658153
3.0599999999999774   4.610713940412768
3.069999999999977   4.633743141328224
3.079999999999977   4.6568871788860235
3.0899999999999768   4.680146625403295
3.0999999999999766   4.703522056046914
3.1099999999999763   4.727014048847696
3.119999999999976   4.750623184714657
3.129999999999976   4.774350047449347
3.1399999999999757   4.798195223760252
3.1499999999999755   4.822159303277274
3.1599999999999753   4.846242878566273
3.169999999999975   4.870446545143693
3.179999999999975   4.89477090149125
3.1899999999999746   4.919216549070699
3.1999999999999744   4.943784092338672
3.209999999999974   4.968474138761595
3.219999999999974   4.993287298830669
3.229999999999974   5.018224186076936
3.2399999999999736   5.043285417086413
3.2499999999999734   5.068471611515307
3.259999999999973   5.093783392105293
3.269999999999973   5.119221384698892
3.2799999999999727   5.144786218254896
3.2899999999999725   5.170478524863893
3.2999999999999723   5.196298939763858
3.309999999999972   5.222248101355826
3.319999999999972   5.248326651219637
3.3299999999999716   5.274535234129766
3.3399999999999714   5.30087449807123
3.3499999999999712   5.327345094255568
3.359999999999971   5.353947677136913
3.369999999999971   5.380682904428132
3.3799999999999706   5.407551437117047
3.3899999999999704   5.4345539394827505
3.39999999999997   5.461691079111983
3.40999999999997   5.488963526915604
3.4199999999999697   5.516371957145141
3.4299999999999695   5.543917047409426
3.4399999999999693   5.571599478691304
3.449999999999969   5.599419935364435
3.459999999999969   5.6273791052101725
3.4699999999999687   5.655477679434533
3.4799999999999685   5.683716352685242
3.4899999999999682   5.712095823068873
3.499999999999968   5.740616792168061
3.509999999999968   5.769279965058813
3.5199999999999676   5.7980860503279
3.5299999999999674   5.827035760090329
3.539999999999967   5.856129810006915
3.549999999999967   5.88536891930193
3.5599999999999667   5.9147538107808435
3.5699999999999665   5.944285210848149
3.5799999999999663   5.973963849525286
3.589999999999966   6.00379046046864
3.599999999999966   6.0337657809876415
3.6099999999999657   6.0638905520629525
3.6199999999999655   6.09416551836474
3.6299999999999653   6.124591428271044
3.639999999999965   6.155169033886237
3.649999999999965   6.185899091059572
3.6599999999999646   6.216782359403829
3.6699999999999644   6.247819602314043
3.679999999999964   6.27901158698634
3.689999999999964   6.310359084436855
3.6999999999999638   6.341862869520747
3.7099999999999635   6.3735237209513125
3.7199999999999633   6.40534242131919
3.729999999999963   6.437319757111663
3.739999999999963   6.469456518732051
3.7499999999999627   6.501753500519212
3.7599999999999625   6.5342115007671255
3.7699999999999623   6.566831321744588
3.779999999999962   6.599613769714991
3.789999999999962   6.6325596549562125
3.7999999999999616   6.665669791780596
3.8099999999999614   6.698944998555035
3.819999999999961   6.732386097721156
3.829999999999961   6.765993915815598
3.839999999999961   6.799769283490405
3.8499999999999606   6.833713035533499
3.8599999999999604   6.86782601088928
3.86999999999996   6.902109052679304
3.87999999999996   6.936563008223085
3.8899999999999597   6.971188729058986
3.8999999999999595   7.00598707096522
3.9099999999999593   7.040958893980952
3.919999999999959   7.076105062427515
3.929999999999959   7.111426444929716
3.9399999999999586   7.146923914437265
3.9499999999999584   7.182598348246296
3.959999999999958   7.218450628021007
3.969999999999958   7.2544816398153955
3.979999999999958   7.290692274095116
3.9899999999999576   7.327083425759435
3.9999999999999574   7.363655994163298
4.009999999999957   7.400410883139511
4.019999999999957   7.437349001021026
4.029999999999957   7.474471260663342
4.0399999999999565   7.5117785794670136
4.049999999999956   7.549271879400275
4.059999999999956   7.586952087021775
4.069999999999956   7.624820133503424
4.079999999999956   7.662876954653357
4.0899999999999554   7.70112349093901
4.099999999999955   7.73956068751031
4.109999999999955   7.778189494222979
4.119999999999955   7.8170108656619615
4.129999999999955   7.8560257611649575
4.139999999999954   7.895235144846083
4.149999999999954   7.934639985619639
4.159999999999954   7.974241257224006
4.169999999999954   8.014039938245652
4.1799999999999535   8.054037012143269
4.189999999999953   8.094233467272012
4.199999999999953   8.13463029690788
4.209999999999953   8.1752284992722
4.219999999999953   8.216029077556247
4.2299999999999525   8.257033039945975
4.239999999999952   8.298241399646882
4.249999999999952   8.339655174908984
4.259999999999952   8.38127538905193
4.269999999999952   8.423103070490233
4.279999999999951   8.46513925275862
4.289999999999951   8.507384974537525
4.299999999999951   8.549841279678695
4.309999999999951   8.592509217230928
4.3199999999999505   8.63538984146594
4.32999999999995   8.678484211904358
4.33999999999995   8.721793393341843
4.34999999999995   8.765318455875345
4.35999999999995   8.809060474929492
4.3699999999999495   8.853020531283095
4.379999999999949   8.897199711095803
4.389999999999949   8.941599105934884
4.399999999999949   8.986219812802133
4.409999999999949   9.031062934160923
4.419999999999948   9.076129577963385
4.429999999999948   9.121420857677725
4.439999999999948   9.166937892315678
4.449999999999948   9.212681806460095
4.459999999999948   9.258653730292673
4.469999999999947   9.304854799621815
4.479999999999947   9.351286155910637
4.489999999999947   9.39794894630511
4.499999999999947   9.444844323662338
4.5099999999999465   9.491973446578987
4.519999999999946   9.539337479419846
4.529999999999946   9.586937592346535
4.539999999999946   9.634774961346352
4.549999999999946   9.68285076826127
4.559999999999945   9.73116620081707
4.569999999999945   9.779722452652624
4.579999999999945   9.828520723349328
4.589999999999945   9.877562218460664
4.599999999999945   9.926848149541936
4.609999999999944   9.976379734180126
4.619999999999944   10.02615819602392
4.629999999999944   10.07618476481387
4.639999999999944   10.12646067641272
4.6499999999999435   10.176987172835856
4.659999999999943   10.227765502281946
4.669999999999943   10.278796919163696
4.679999999999943   10.330082684138784
4.689999999999943   10.381624064140933
4.6999999999999424   10.43342233241115
4.709999999999942   10.485478768529106
4.719999999999942   10.537794658444689
4.729999999999942   10.590371294509701
4.739999999999942   10.643209975509722
4.749999999999941   10.696312006696118
4.759999999999941   10.74967869981823
4.769999999999941   10.803311373155701
4.779999999999941   10.857211351550982
4.7899999999999405   10.911379966441986
4.79999999999994   10.965818555894913
4.80999999999994   11.020528464637232
4.81999999999994   11.075511044090836
4.82999999999994   11.130767652405352
4.8399999999999395   11.186299654491618
4.849999999999939   11.242108422055342
4.859999999999939   11.298195333630899
4.869999999999939   11.354561774615327
4.879999999999939   11.411209137302471
4.889999999999938   11.468138820917305
4.899999999999938   11.525352231650428
4.909999999999938   11.582850782692722
4.919999999999938   11.640635894270188
4.9299999999999375   11.69870899367896
4.939999999999937   11.757071515320481
4.949999999999937   11.81572490073687
4.959999999999937   11.874670598646446
4.969999999999937   11.93391006497945
4.9799999999999365   11.993444762913926
4.989999999999936   12.053276162911786
4.999999999999936   12.113405742755063
