3   1
3.012   1.064
3.024   1.1275219123505977
3.036   1.1905733257446407
3.048   1.2531616789008095
3.06   1.315294264106315
3.072   1.376978230662344
3.084   1.4382205882352943
3.096   1.4990282101167316
3.108   1.5594078363948964
3.12   1.6193660770404956
3.132   1.6789094149094148
3.144   1.7380442086648982
3.156   1.7967766956216547
3.168   1.8551129945142657
3.18   1.913059108192188
3.192   1.9706209262435677
3.204   2.027804227550007
3.216   2.0846146827743515
3.228   2.141057856783498
3.24   2.197139211008156
3.2520000000000002   2.2528641057414287
3.2640000000000002   2.3082378023780232
3.2760000000000002   2.363265465595832
3.2880000000000003   2.4179521654815765
3.3000000000000003   2.472302879602149
3.3120000000000003   2.526322495023224
3.3240000000000003   2.580015810276679
3.3360000000000003   2.6333875372782916
3.3480000000000003   2.6864423031971527
3.3600000000000003   2.7391846522781766
3.3720000000000003   2.791619047619047
3.3840000000000003   2.843749872902897
3.3960000000000004   2.895581434087983
3.4080000000000004   2.947117961055559
3.4200000000000004   2.9983636092171397
3.4320000000000004   3.0493224610822827
3.4440000000000004   3.099998527788001
3.4560000000000004   3.150395750590872
3.4680000000000004   3.20051800232288
3.4800000000000004   3.2503690888119947
3.4920000000000004   3.2999527502684636
3.5040000000000004   3.3492726626377527
3.5160000000000005   3.398332438921056
3.5280000000000005   3.4471356304642566
3.5400000000000005   3.4956857282162006
3.5520000000000005   3.5439861639571077
3.5640000000000005   3.592040311497938
3.5760000000000005   3.6398514878514874
3.5880000000000005   3.687422954375974
3.6000000000000005   3.7347579178918537
3.6120000000000005   3.7818595317725747
3.6240000000000006   3.828730897009966
3.6360000000000006   3.8753750632549333
3.6480000000000006   3.921795029834109
3.6600000000000006   3.967993746743095
3.6720000000000006   4.013974115616911
3.6840000000000006   4.059738990678238
3.6960000000000006   4.105291179664048
3.7080000000000006   4.150633444731165
3.7200000000000006   4.195768503341319
3.7320000000000007   4.240699029126214
3.7440000000000007   4.285427652733119
3.7560000000000007   4.329956962651497
3.7680000000000007   4.374289506021136
3.7800000000000007   4.418427789422275
3.7920000000000007   4.462374279648166
3.8040000000000007   4.506131404460519
3.8160000000000007   4.549701553328276
3.8280000000000007   4.593087078150111
3.8400000000000007   4.636290293961082
3.8520000000000008   4.679313479623826
3.8640000000000008   4.722158878504674
3.876000000000001   4.764828699135079
3.888000000000001   4.807325115858701
3.900000000000001   4.849650269464512
3.912000000000001   4.891806267806269
3.924000000000001   4.933795186408684
3.936000000000001   4.975619069060619
3.948000000000001   5.017279928395615
3.960000000000001   5.058779746460079
3.972000000000001   5.100120475269412
3.984000000000001   5.141304037352376
3.996000000000001   5.182332326283988
4.008000000000001   5.223207207207207
4.0200000000000005   5.263930517343691
4.032   5.304504066493878
4.044   5.344929637526652
4.055999999999999   5.385208986858839
4.067999999999999   5.425343844924763
4.079999999999998   5.465335916636121
4.091999999999998   5.50518688183238
4.103999999999997   5.544898395721926
4.115999999999997   5.584472089314196
4.127999999999997   5.623909569842976
4.139999999999996   5.663212421181098
4.151999999999996   5.702382204246715
4.163999999999995   5.741420457401358
4.175999999999995   5.780328696839967
4.187999999999994   5.81910841697307
4.199999999999994   5.857761090801305
4.2119999999999935   5.896288170282441
4.223999999999993   5.934691086691088
4.235999999999993   5.972971250971252
4.247999999999992   6.011130054081897
4.259999999999992   6.049168867335672
4.271999999999991   6.087089042730963
4.283999999999991   6.124891913277419
4.2959999999999905   6.16257879331508
4.30799999999999   6.200150978827287
4.31999999999999   6.237609747747468
4.331999999999989   6.274956360259982
4.343999999999989   6.312192059095107
4.355999999999988   6.349318069818338
4.367999999999988   6.386335601114105
4.3799999999999875   6.423245845064027
4.391999999999987   6.460049977419841
4.403999999999987   6.496749157871099
4.415999999999986   6.533344530307769
4.427999999999986   6.569837223077835
4.439999999999985   6.6062283492400145
4.451999999999985   6.64251900681169
4.463999999999984   6.678710279012166
4.475999999999984   6.714803234501348
4.487999999999984   6.750798927613941
4.499999999999983   6.786698398589267
4.511999999999983   6.822502673796791
4.523999999999982   6.858212765957446
4.535999999999982   6.8938296743608545
4.547999999999981   6.929354385078522
4.559999999999981   6.964787871173094
4.5719999999999805   7.000131092903762
4.58399999999998   7.035384997927888
4.59599999999998   7.070550521498946
4.607999999999979   7.105628586660831
4.619999999999979   7.140620104438639
4.631999999999978   7.1755259740259705
4.643999999999978   7.210347082968841
4.6559999999999775   7.245084307346263
4.667999999999977   7.2797385119475715
4.679999999999977   7.314310550446556
4.691999999999976   7.348801265572471
4.703999999999976   7.383211489277982
4.715999999999975   7.417542042904114
4.727999999999975   7.451793737342261
4.7399999999999745   7.485967373193316
4.751999999999974   7.520063740923982
4.763999999999974   7.554083621020325
4.775999999999973   7.58802778413861
4.787999999999973   7.621896991253491
4.799999999999972   7.6556919938035985
4.811999999999972   7.68941353383458
4.823999999999971   7.723062344139644
4.835999999999971   7.756639148397656
4.8479999999999706   7.790144661308833
4.85999999999997   7.823579588728096
4.87199999999997   7.856944627796105
4.883999999999969   7.890240467068045
4.895999999999969   7.923467786640192
4.907999999999968   7.956627258274308
4.919999999999968   7.98971954551991
4.9319999999999675   8.022745303834446
4.943999999999967   8.055705180701432
4.955999999999967   8.088599815746571
4.967999999999966   8.121429840851913
4.979999999999966   8.154195880268087
4.991999999999965   8.186898550724626
