2   2.71828
2.2   2.990107817154157
2.4000000000000004   3.2878435750351978
2.6000000000000005   3.6139516008972397
2.8000000000000007   3.9711217179604184
3.000000000000001   4.362290993607738
3.200000000000001   4.79066720624618
3.4000000000000012   5.259754276390103
3.6000000000000014   5.773379896945629
3.8000000000000016   6.335725599294895
4.000000000000002   6.951359501008974
4.200000000000002   7.625271995472366
4.400000000000002   8.362914662126196
4.600000000000002   9.170242697787025
4.8000000000000025   10.053761194272035
