2   2.71828
2.1   2.8541939085770784
2.2   2.9967390746077327
2.3000000000000003   3.1462388573722135
2.4000000000000004   3.3030320437137655
2.5000000000000004   3.4674736106839417
2.6000000000000005   3.639935520794327
2.7000000000000006   3.8208075521975955
2.8000000000000007   4.010498166054152
2.900000000000001   4.20943541331617
3.000000000000001   4.418067883167849
3.100000000000001   4.6368656953917595
3.200000000000001   4.866321538981148
3.300000000000001   5.106951759383396
3.4000000000000012   5.359297496838048
3.5000000000000013   5.623925878362122
3.6000000000000014   5.9014312660346455
3.7000000000000015   6.192436564340647
3.8000000000000016   6.4975945894516745
3.9000000000000017   6.817589503444915
4.000000000000002   7.153138316596065
4.100000000000001   7.5049924610221
4.200000000000001   7.873939439099133
4.300000000000001   8.260804550237681
4.4   8.66645269976314
4.5   9.091790293823191
4.6   9.537767224426723
4.699999999999999   10.005378948910652
4.799999999999999   10.495668668332439
4.899999999999999   11.009729609497274
4.999999999999998   11.548707415550318
