0   2
-0.01   1.990000125
0.01   2.009999875
-0.02   1.9800011687499999
0.02   2.0199988354166667
-0.03   1.9700041404375
0.03   2.0299958903958335
-0.04   1.960010059341875
0.04   2.0399900589918754
-0.05   1.9500199549352937
0.05   2.0499803700686234
-0.060000000000000005   1.9400348669846466
0.060000000000000005   2.0599658622012704
-0.07   1.930055845654493
0.07   2.0699455835792575
-0.08   1.920083951611038
0.08   2.0799185919101317
-0.09   1.9101202561271484
0.09   2.089883954324364
-0.09999999999999999   1.90016584118842
0.09999999999999999   2.0998407472811205
-0.10999999999999999   1.8902217996003041
0.10999999999999999   2.109788056474976
-0.11999999999999998   1.8802892350963072
0.11999999999999998   2.1197249767435595
-0.12999999999999998   1.8703692624472703
0.12999999999999998   2.129650611976124
-0.13999999999999999   1.860463007571743
0.13999999999999999   2.139564075023029
-0.15   1.8505716076474603
0.15   2.1494644876061324
-0.16   1.840696211223935
0.16   2.159350980230071
-0.17   1.8308379783361743
0.17   2.1692226920944373
-0.18000000000000002   1.820998080619536
0.18000000000000002   2.1790787710068265
-0.19000000000000003   1.8111777014257313
0.19000000000000003   2.188918373296758
-0.20000000000000004   1.8013780359399887
0.20000000000000004   2.198740663730457
-0.21000000000000005   1.7916002912993885
0.21000000000000005   2.2085448154264857
-0.22000000000000006   1.7818456867123824
0.22000000000000006   2.2183300097722207
-0.23000000000000007   1.7721154535795063
0.23000000000000007   2.228095436341165
-0.24000000000000007   1.7624108356153014
0.24000000000000007   2.2378402928110868
-0.25000000000000006   1.7527330889714545
0.25000000000000006   2.247563784882976
-0.26000000000000006   1.7430834823611692
0.26000000000000006   2.2572651262008128
-0.2700000000000001   1.7334632971847808
0.2700000000000001   2.266943538272138
-0.2800000000000001   1.7238738276566286
0.2800000000000001   2.2765982503894167
-0.2900000000000001   1.714316380933195
0.2900000000000001   2.2862284995521893
-0.3000000000000001   1.7047922772425268
0.3000000000000001   2.295833530390001
-0.3100000000000001   1.695302850014952
0.3100000000000001   2.305412595086101
-0.3200000000000001   1.6858494460151017
0.3200000000000001   2.3149649533019065
-0.3300000000000001   1.6764334254752526
0.3300000000000001   2.324489872102221
-0.34000000000000014   1.667056162230005
0.34000000000000014   2.3339866258811988
-0.35000000000000014   1.657719043852305
0.35000000000000014   2.3434544962890533
-0.36000000000000015   1.6484234717908282
0.36000000000000015   2.352892772159496
-0.37000000000000016   1.6391708615087364
0.37000000000000016   2.3623007494379014
-0.38000000000000017   1.6299626426238238
0.38000000000000017   2.371677731110189
-0.3900000000000002   1.620800259050062
0.3900000000000002   2.38102302713242
-0.4000000000000002   1.6116851691405627
0.4000000000000002   2.390335954361096
-0.4100000000000002   1.6026188458319683
0.4100000000000002   2.3996158364841516
-0.4200000000000002   1.593602776790288
0.4200000000000002   2.408862003952643
-0.4300000000000002   1.584638464558191
0.4300000000000002   2.4180737939131167
-0.4400000000000002   1.5757274267037729
0.4400000000000002   2.427250550140652
-0.45000000000000023   1.5668711959708106
0.45000000000000023   2.436391622972579
-0.46000000000000024   1.5580713204305188
0.46000000000000024   2.445496369242853
-0.47000000000000025   1.549329363634824
0.47000000000000025   2.4545641522170913
-0.48000000000000026   1.5406469047711722
0.48000000000000026   2.4635943415282537
-0.49000000000000027   1.532025538818884
0.49000000000000027   2.4725863131129713
-0.5000000000000002   1.5234668767070727
0.5000000000000002   2.4815394491485083
-0.5100000000000002   1.5149725454741434
0.5100000000000002   2.4904531379903565
-0.5200000000000002   1.5065441884288848
0.5200000000000002   2.499326774110453
-0.5300000000000002   1.4981834653131736
0.5300000000000002   2.5081597580360153
-0.5400000000000003   1.4898920524663053
0.5400000000000003   2.5169514962889883
-0.5500000000000003   1.4816716429909684
0.5500000000000003   2.5257014013260983
-0.5600000000000003   1.473523946920878
0.5600000000000003   2.534408891479504
-0.5700000000000003   1.4654506913900869
0.5700000000000003   2.543073390898042
-0.5800000000000003   1.4574536208039877
0.5800000000000003   2.5516943294890617
-0.5900000000000003   1.4495344970120276
0.5900000000000003   2.5602711428608376
-0.6000000000000003   1.441695099482148
0.6000000000000003   2.5688032722655625
-0.6100000000000003   1.4339372254769696
0.6100000000000003   2.577290164542907
-0.6200000000000003   1.4262626902317392
0.6200000000000003   2.5857312720641445
-0.6300000000000003   1.4186733271340566
0.6300000000000003   2.5941260526768364
-0.6400000000000003   1.411170987905397
0.6400000000000003   2.602473969650068
-0.6500000000000004   1.403757542784451
0.6500000000000004   2.610774491620234
-0.6600000000000004   1.3964348807122955
0.6600000000000004   2.619027092537365
-0.6700000000000004   1.3892049095194186
0.6700000000000004   2.6272312516119913
-0.6800000000000004   1.3820695561146128
0.6800000000000004   2.635386453262538
-0.6900000000000004   1.3750307666757589
0.6900000000000004   2.643492187063246
-0.7000000000000004   1.3680905068425164
0.7000000000000004   2.6515479476926136
-0.7100000000000004   1.3612507619109415
0.7100000000000004   2.6595532348823543
-0.7200000000000004   1.354513537030051
0.7200000000000004   2.667507553366864
-0.7300000000000004   1.3478808574003516
0.7300000000000004   2.6754104128331955
-0.7400000000000004   1.3413547684743552
0.7400000000000004   2.6832613278715303
-0.7500000000000004   1.3349373361590988
0.7500000000000004   2.6910598179261482
-0.7600000000000005   1.32863064702069
0.7600000000000005   2.6988054072468866
-0.7700000000000005   1.3224368084908968
0.7700000000000005   2.7064976248410844
-0.7800000000000005   1.3163579490758057
0.7800000000000005   2.714136004426007
-0.7900000000000005   1.3103962185665639
0.7900000000000005   2.721720084381747
-0.8000000000000005   1.3045537882522296
0.8000000000000005   2.729249407704596
-0.8100000000000005   1.2988328511347518
0.8100000000000005   2.7367235219608834
-0.8200000000000005   1.2932356221460992
0.8200000000000005   2.7441419792412747
-0.8300000000000005   1.28776433836756
0.8300000000000005   2.7515043361155285
-0.8400000000000005   1.2824212592512356
0.8400000000000005   2.7588101535877065
-0.8500000000000005   1.277208666843748
0.8500000000000005   2.7660589970518297
-0.8600000000000005   1.2721288660121854
0.8600000000000005   2.773250436247978
-0.8700000000000006   1.2671841846723073
0.8700000000000006   2.7803840452188315
-0.8800000000000006   1.2623769740190305
0.8800000000000006   2.7874594022666432
-0.8900000000000006   1.2577096087592208
0.8900000000000006   2.7944760899106433
-0.9000000000000006   1.253184487346813
0.9000000000000006   2.8014336948448704
-0.9100000000000006   1.2488040322202811
0.9100000000000006   2.8083318078964217
-0.9200000000000006   1.244570690042484
0.9200000000000006   2.815170023984124
-0.9300000000000006   1.2404869319429088
0.9300000000000006   2.821947942077616
-0.9400000000000006   1.2365552537623379
0.9400000000000006   2.8286651651568397
-0.9500000000000006   1.2327781762999612
0.9500000000000006   2.835321300171938
-0.9600000000000006   1.2291582455629608
0.9600000000000006   2.841915958003552
-0.9700000000000006   1.2256980330185905
0.9700000000000006   2.8484487534235163
-0.9800000000000006   1.2224001358487764
0.9800000000000006   2.854919305055948
-0.9900000000000007   1.219267177207264
0.9900000000000007   2.8613272353387216
-1.0000000000000007   1.2163018064793367
1.0000000000000007   2.8676721704853345
-1.0100000000000007   1.2135066995441302
1.0100000000000007   2.873953740447148
-1.0200000000000007   1.2108845590395714
1.0200000000000007   2.8801715788760096
-1.0300000000000007   1.2084381146299672
1.0300000000000007   2.8863253230872497
-1.0400000000000007   1.206170123276267
1.0400000000000007   2.892414614023044
-1.0500000000000007   1.2040833695090296
1.0500000000000007   2.898439096216147
-1.0600000000000007   1.2021806657041199
1.0600000000000007   2.904398417753985
-1.0700000000000007   1.200464852361161
1.0700000000000007   2.9102922302431122
-1.0800000000000007   1.1989387983847726
1.0800000000000007   2.9161201887740145
-1.0900000000000007   1.1976054013686204
1.0900000000000007   2.921881951886274
-1.1000000000000008   1.1964675878823066
1.1000000000000008   2.9275771815340783
-1.1100000000000008   1.1955283137611297
1.1100000000000008   2.933205543052071
-1.1200000000000008   1.1947905643987409
1.1200000000000008   2.9387667051215502
-1.1300000000000008   1.1942573550427282
1.1300000000000008   2.9442603397370015
-1.1400000000000008   1.1939317310931554
1.1400000000000008   2.949686122172965
-1.1500000000000008   1.193816768404087
1.1500000000000008   2.9550437309512354
-1.1600000000000008   1.193915573588128
1.1600000000000008   2.96033284780839
-1.1700000000000008   1.1942312843240093
1.1700000000000008   2.9655531576636394
-1.1800000000000008   1.1947670696672494
1.1800000000000008   2.970704348587003
-1.1900000000000008   1.195526130363922
1.1900000000000008   2.9757861117677993
-1.2000000000000008   1.1965116991675613
1.2000000000000008   2.980798141483455
-1.2100000000000009   1.197727041159237
1.2100000000000009   2.98574013506862
-1.2200000000000009   1.1991754540708293
1.2200000000000009   2.9906117928846006
-1.2300000000000009   1.2008602686115375
1.2300000000000009   2.995412818289088
-1.2400000000000009   1.202784848797653
1.2400000000000009   3.000142917606197
-1.2500000000000009   1.2049525922856295
1.2500000000000009   3.0048018000968018
-1.260000000000001   1.2073669307084858
1.260000000000001   3.009389177929167
-1.270000000000001   1.2100313300155707
1.270000000000001   3.0139047661498752
-1.280000000000001   1.2129492908157264
1.280000000000001   3.018348282655043
-1.290000000000001   1.2161243487238838
1.290000000000001   3.022719448161826
-1.300000000000001   1.2195600747111226
1.300000000000001   3.0270179861802076
-1.310000000000001   1.223260075458234
1.310000000000001   3.0312436229850723
-1.320000000000001   1.2272279937128163
1.320000000000001   3.035396087588555
-1.330000000000001   1.2314675086499445
1.330000000000001   3.0394751117126697
-1.340000000000001   1.235982336236444
1.340000000000001   3.0434804297622096
-1.350000000000001   1.2407762295988083
1.350000000000001   3.0474117787979207
-1.360000000000001   1.2458529793947963
1.360000000000001   3.0512688985099414
-1.370000000000001   1.2512164141887443
1.370000000000001   3.0550515311915087
-1.380000000000001   1.2568704008306317
1.380000000000001   3.058759421712927
-1.390000000000001   1.2628188448389381
1.390000000000001   3.0623923174957977
-1.400000000000001   1.2690656907873274
1.400000000000001   3.0659499684875064
-1.410000000000001   1.2756149226952007
1.410000000000001   3.069432127135965
-1.420000000000001   1.2824705644221528
1.420000000000001   3.0728385483646052
-1.430000000000001   1.2896366800663743
1.430000000000001   3.0761689895476256
-1.440000000000001   1.2971173743670381
1.440000000000001   3.0794232104854826
-1.450000000000001   1.3049167931107084
1.450000000000001   3.082600973380628
-1.460000000000001   1.3130391235418155
1.460000000000001   3.0857020428134883
-1.470000000000001   1.3214885947772337
1.470000000000001   3.0887261857186865
-1.480000000000001   1.330269478225006
1.480000000000001   3.0916731713614998
-1.490000000000001   1.3393860880072561
1.490000000000001   3.0945427713145515
-1.500000000000001   1.3488427813873287
1.500000000000001   3.097334759434739
-1.5100000000000011   1.358643959201202
1.5100000000000011   3.1000489118403918
-1.5200000000000011   1.368794066293214
1.5200000000000011   3.1026850068886547
-1.5300000000000011   1.3792975919561463
1.5300000000000011   3.1052428251531015
-1.5400000000000011   1.3901590703757079
1.5400000000000011   3.1077221494015705
-1.5500000000000012   1.401383081079465
1.5500000000000012   3.1101227645742213
-1.5600000000000012   1.4129742493902597
1.5600000000000012   3.1124444577618124
-1.5700000000000012   1.4249372468841623
1.5700000000000012   3.114687018184194
-1.5800000000000012   1.437276791853004
1.5800000000000012   3.116850237169019
-1.5900000000000012   1.4499976497715341
1.5900000000000012   3.118933908130662
-1.6000000000000012   1.4631046337692495
1.6000000000000012   3.1209378265493553
-1.6100000000000012   1.476602605106942
1.6100000000000012   3.1228617899505284
-1.6200000000000012   1.4904964736580115
1.6200000000000012   3.1247055978843563
-1.6300000000000012   1.5047911983945916
1.6300000000000012   3.126469051905513
-1.6400000000000012   1.5194917878785374
1.6400000000000012   3.1281519555531245
-1.6500000000000012   1.5346033007573228
1.6500000000000012   3.1297541143309267
-1.6600000000000013   1.550130846264896
1.6600000000000013   3.1312753356876173
-1.6700000000000013   1.5660795847275448
1.6700000000000013   3.132715428997408
-1.6800000000000013   1.5824547280748202
1.6800000000000013   3.134074205540767
-1.6900000000000013   1.5992615403555686
1.6900000000000013   3.1353514784853593
-1.7000000000000013   1.6165053382591243
1.7000000000000013   3.1365470628671726
-1.7100000000000013   1.6341914916417155
1.7100000000000013   3.137660775571834
-1.7200000000000013   1.6523254240581327
1.7200000000000013   3.138692435316116
-1.7300000000000013   1.670912613298714
1.7300000000000013   3.139641862629621
-1.7400000000000013   1.689958591931701
1.7400000000000013   3.1405088798366583
-1.7500000000000013   1.709468947851018
1.7500000000000013   3.1412933110382917
-1.7600000000000013   1.7294493248295284
1.7600000000000013   3.1419949820945754
-1.7700000000000014   1.7499054230778237
1.7700000000000014   3.142613720606963
-1.7800000000000014   1.770842999808602
1.7800000000000014   3.1431493559008934
-1.7900000000000014   1.792267869806688
1.7900000000000014   3.1436017190085512
-1.8000000000000014   1.814185906004755
1.8000000000000014   3.1439706426517993
-1.8100000000000014   1.8366030400648026
1.8100000000000014   3.1442559612252814
-1.8200000000000014   1.8595252629654506
1.8200000000000014   3.144457510779695
-1.8300000000000014   1.8829586255951052
1.8300000000000014   3.1445751290052315
-1.8400000000000014   1.9069092393510563
1.8400000000000014   3.1446086552151793
-1.8500000000000014   1.931383276744567
1.8500000000000014   3.144557930329694
-1.8600000000000014   1.9563869720120126
1.8600000000000014   3.1444227968597303
-1.8700000000000014   1.9819266217321327
1.8700000000000014   3.144203098891133
-1.8800000000000014   2.008008585449454
1.8800000000000014   3.1438986820688886
-1.8900000000000015   2.0346392863039484
1.8900000000000015   3.143509393581533
-1.9000000000000015   2.0618252116669877
1.9000000000000015   3.1430350821457176
-1.9100000000000015   2.0895729137836576
1.9100000000000015   3.142475597990927
-1.9200000000000015   2.1178890104214942
1.9200000000000015   3.141830792844351
-1.9300000000000015   2.146780185525709
1.9300000000000015   3.141100519915908
-1.9400000000000015   2.176253189880966
1.9400000000000015   3.1402846338834154
-1.9500000000000015   2.2063148417797755
1.9500000000000015   3.1393829908779147
-1.9600000000000015   2.2369720276975733
1.9600000000000015   3.1383954484691357
-1.9700000000000015   2.268231702974549
1.9700000000000015   3.137321865651111
-1.9800000000000015   2.3001008925042945
1.9800000000000015   3.136162102827933
-1.9900000000000015   2.3325866914293374
1.9900000000000015   3.1349160217996537
-2.0000000000000013   2.365696265843631
2.0000000000000013   3.133583485748324
-2.010000000000001   2.3994368535020674
2.010000000000001   3.132164359224174
-2.020000000000001   2.433815764537088
2.020000000000001   3.130658508131932
-2.0300000000000007   2.4688403821824587
2.0300000000000007   3.1290657997172793
-2.0400000000000005   2.5045181635042835
2.0400000000000005   3.12738610255344
-2.0500000000000003   2.540856640139326
2.0500000000000003   3.1256192865279058
-2.06   2.5778634190407197
2.06   3.1237652228292934
-2.07   2.615546183231127
2.07   3.121823783934334
-2.0799999999999996   2.653912692563438
2.0799999999999996   3.1197948435949905
-2.0899999999999994   2.6929707844890727
2.0899999999999994   3.1176782768257074
-2.099999999999999   2.7327283748339632
2.099999999999999   3.1154739598907835
-2.109999999999999   2.773193458582303
2.109999999999999   3.1131817702918756
-2.1199999999999988   2.8143741106681257
2.1199999999999988   3.1108015867556236
-2.1299999999999986   2.856278486774807
2.1299999999999986   3.1083332892214006
-2.1399999999999983   2.898914824142555
2.1399999999999983   3.1057767588291867
-2.149999999999998   2.9422914423839805
2.149999999999998   3.1031318779075616
-2.159999999999998   2.9864167443078204
2.159999999999998   3.1003985299618195
-2.1699999999999977   3.0312992167508988
2.1699999999999977   3.0975765996622013
-2.1799999999999975   3.0769474314184078
2.1799999999999975   3.094665972832246
-2.1899999999999973   3.123370045732592
2.1899999999999973   3.091666536437257
-2.199999999999997   3.1705758036899176
2.199999999999997   3.088578178572884
-2.209999999999997   3.218573536726817
2.209999999999997   3.0854007884538217
-2.2199999999999966   3.267372164594085
2.2199999999999966   3.082134256402617
-2.2299999999999964   3.3169806962400257
2.2299999999999964   3.078778473838591
-2.239999999999996   3.367408230702426
2.239999999999996   3.0753333332668715
-2.249999999999996   3.41866395800945
2.249999999999996   3.0717987282675363
-2.259999999999996   3.4707571600895446
2.259999999999996   3.068174553484861
-2.2699999999999956   3.52369721169044
2.2699999999999956   3.064460704616679
-2.2799999999999954   3.5774935813073445
2.2799999999999954   3.0606570784038456
-2.289999999999995   3.632155832120418
2.289999999999995   3.0567635726198072
-2.299999999999995   3.687693622941622
2.299999999999995   3.052780086060276
-2.3099999999999947   3.7441167091710383
2.3099999999999947   3.0487065185330064
-2.3199999999999945   3.801434943762749
2.3199999999999945   3.044542770847676
-2.3299999999999943   3.859658278200376
2.3299999999999943   3.040288744805866
-2.339999999999994   3.91879676348238
2.339999999999994   3.035944343191141
-2.349999999999994   3.978860551117204
2.349999999999994   3.0315094697592295
-2.3599999999999937   4.039859894128376
2.3599999999999937   3.026984029228304
-2.3699999999999934   4.101805148069659
2.3699999999999934   3.022367927269354
-2.3799999999999932   4.164706772050356
2.3799999999999932   3.017661070496661
-2.389999999999993   4.22857532977086
2.389999999999993   3.012863366458361
-2.399999999999993   4.293421490568568
2.399999999999993   3.0079747236271106
-2.4099999999999926   4.3592560304742545
2.4099999999999926   3.0029950513908394
-2.4199999999999924   4.426089833278997
2.4199999999999924   2.9979242600435976
-2.429999999999992   4.493933891611787
2.429999999999992   2.992762260776495
-2.439999999999992   4.5627993080279055
2.439999999999992   2.98750896566873
-2.4499999999999917   4.6326972961081845
2.4499999999999917   2.9821642876787093
-2.4599999999999915   4.703639181569266
2.4599999999999915   2.9767281406352555
-2.4699999999999913   4.775636403384959
2.4699999999999913   2.971200439228903
-2.479999999999991   4.848700514918808
2.479999999999991   2.965581099003281
-2.489999999999991   4.922843185067996
2.489999999999991   2.9598700363465813
-2.4999999999999907   4.9980761994186755
2.4999999999999907   2.9540671684831157
-2.5099999999999905   5.074411461412862
2.5099999999999905   2.948172413464951
-2.5199999999999902   5.151860993526991
2.5199999999999902   2.942185690163635
-2.52999999999999   5.230436938462261
2.52999999999999   2.9361069182619985
-2.53999999999999   5.310151560346884
2.53999999999999   2.929936018246045
-2.5499999999999896   5.391017245950353
2.5499999999999896   2.923672911396918
-2.5599999999999894   5.473046505909856
2.5599999999999894   2.917317519782949
-2.569999999999989   5.556251975968955
2.569999999999989   2.910869766251786
-2.579999999999989   5.640646418228645
2.579999999999989   2.9043295744226016
-2.5899999999999888   5.726242722410931
2.5899999999999888   2.8976968686783757
-2.5999999999999885   5.81305390713504
2.5999999999999885   2.8909715741582587
-2.6099999999999883   5.90109312120639
2.6099999999999883   2.8841536167500093
-2.619999999999988   5.990373644918454
2.619999999999988   2.8772429230825094
-2.629999999999988   6.080908891367638
2.629999999999988   2.870239420518351
-2.6399999999999877   6.172712407781315
2.6399999999999877   2.863143037146501
-2.6499999999999875   6.2657978768591285
2.6499999999999875   2.855953701775036
-2.6599999999999873   6.36017911812772
2.6599999999999873   2.8486713439239524
-2.669999999999987   6.455870089308997
2.669999999999987   2.8412958938180464
-2.679999999999987   6.552884887702087
2.679999999999987   2.833827282379866
-2.6899999999999866   6.6512377515791075
2.6899999999999866   2.826265441222734
-2.6999999999999864   6.750943061594898
2.6999999999999864   2.8186103026438403
-2.709999999999986   6.852015342210848
2.709999999999986   2.810861799617402
-2.719999999999986   6.954469263132957
2.719999999999986   2.8030198657878946
-2.7299999999999858   7.058319640764286
2.7299999999999858   2.795084435463349
-2.7399999999999856   7.163581439671929
2.7399999999999856   2.7870554436087156
-2.7499999999999853   7.270269774068648
2.7499999999999853   2.7789328258392954
-2.759999999999985   7.378399909309334
2.759999999999985   2.7707165184142357
-2.769999999999985   7.487987263402427
2.769999999999985   2.7624064582300933
-2.7799999999999847   7.599047408536451
2.7799999999999847   2.754002582814459
-2.7899999999999845   7.711596072621816
2.7899999999999845   2.745504830319648
-2.7999999999999843   7.825649140848034
2.7999999999999843   2.7369131395164517
-2.809999999999984   7.941222657256514
2.809999999999984   2.728227449787954
-2.819999999999984   8.058332826329078
2.819999999999984   2.719447701123408
-2.8299999999999836   8.176996014592369
2.8299999999999836   2.710573834112174
-2.8399999999999834   8.297228752238293
2.8399999999999834   2.701605789937719
-2.849999999999983   8.419047734760676
2.849999999999983   2.6925435103716753
-2.859999999999983   8.542469824608283
2.859999999999983   2.6833869377679584
-2.869999999999983   8.667512052854365
2.869999999999983   2.6741360150569458
-2.8799999999999826   8.79419162088291
2.8799999999999826   2.66479068573971
-2.8899999999999824   8.922525902091738
2.8899999999999824   2.655350893882313
-2.899999999999982   9.052532443612655
2.899999999999982   2.6458165841101566
-2.909999999999982   9.184228968048782
2.909999999999982   2.6361877016023887
-2.9199999999999817   9.317633375229269
2.9199999999999817   2.626464192086365
-2.9299999999999815   9.452763743981562
2.9299999999999815   2.616646001832168
-2.9399999999999813   9.589638333921377
2.9399999999999813   2.6067330776471795
-2.949999999999981   9.72827558726059
2.949999999999981   2.5967253668707078
-2.959999999999981   9.868694130633196
2.959999999999981   2.5866228173686676
-2.9699999999999807   10.010912776939529
2.9699999999999807   2.5764253775283144
-2.9799999999999804   10.154950527208925
2.9799999999999804   2.5661329962530313
-2.9899999999999802   10.300826572481014
2.9899999999999802   2.5557456229571676
-2.99999999999998   10.448560295705825
2.99999999999998   2.545263207560929
-3.00999999999998   10.598171273662883
3.00999999999998   2.53468570048532
-3.0199999999999796   10.749679278899512
3.0199999999999796   2.524013052647134
-3.0299999999999794   10.903104281688506
3.0299999999999794   2.513245215453996
-3.039999999999979   11.05846645200539
3.039999999999979   2.502382140799456
-3.049999999999979   11.215786161525445
3.049999999999979   2.491423781058128
-3.0599999999999787   11.3750839856407
3.0599999999999787   2.48037008908088
-3.0699999999999785   11.536380705497107
3.0699999999999785   2.4692210181900713
-3.0799999999999783   11.699697310052079
3.0799999999999783   2.4579765221748375
-3.089999999999978   11.8650549981526
3.089999999999978   2.4466365552864224
-3.099999999999978   12.032475180634126
3.099999999999978   2.4352010722335584
-3.1099999999999777   12.201979482440468
3.1099999999999777   2.42367002817789
-3.1199999999999775   12.373589744764873
3.1199999999999775   2.4120433787294444
-3.1299999999999772   12.54732802721252
3.1299999999999772   2.40032107994215
-3.139999999999977   12.723216609984645
3.139999999999977   2.3885030883093954
-3.149999999999977   12.901277996084492
3.149999999999977   2.376589360759635
-3.1599999999999766   13.081534913545337
3.1599999999999766   2.364579854652039
-3.1699999999999764   13.264010317680789
3.1699999999999764   2.3524745277721855
-3.179999999999976   13.448727393357597
3.179999999999976   2.340273338327797
-3.189999999999976   13.635709557291174
3.189999999999976   2.3279762449445194
-3.1999999999999758   13.824980460364085
3.1999999999999758   2.3155832066617412
-3.2099999999999755   14.016563989967725
3.2099999999999755   2.3030941829284575
-3.2199999999999753   14.210484272367403
3.2199999999999753   2.290509133599173
-3.229999999999975   14.406765675091076
3.229999999999975   2.2778280189298483
-3.239999999999975   14.605432809341988
3.239999999999975   2.2650507995738836
-3.2499999999999747   14.806510532435407
3.2499999999999747   2.252177436578145
-3.2599999999999745   15.010023950259761
3.2599999999999745   2.23920789137903
-3.2699999999999743   15.215998419762359
3.2699999999999743   2.226142125798573
-3.279999999999974   15.424459551459982
3.279999999999974   2.2129801020405875
-3.289999999999974   15.635433211974583
3.289999999999974   2.1997217826868485
-3.2999999999999736   15.848945526594328
3.2999999999999736   2.1863671306933137
-3.3099999999999734   16.06502288186027
3.3099999999999734   2.1729161093863807
-3.319999999999973   16.28369192817887
3.319999999999973   2.1593686824591836
-3.329999999999973   16.50497958246066
3.329999999999973   2.1457248139679255
-3.3399999999999728   16.728913030785264
3.3399999999999728   2.1319844683282465
-3.3499999999999726   16.955519731093116
3.3499999999999726   2.118147610311631
-3.3599999999999723   17.184827415904046
3.3599999999999723   2.104214205041848
-3.369999999999972   17.416864095063087
3.369999999999972   2.09018421799143
-3.379999999999972   17.651658058513718
3.379999999999972   2.0760576149781826
-3.3899999999999717   17.889237879098854
3.3899999999999717   2.0618343621617345
-3.3999999999999715   18.129632415389842
3.3999999999999715   2.0475144260401175
-3.4099999999999713   18.37287081454374
3.4099999999999713   2.033097773446383
-3.419999999999971   18.618982515189177
3.419999999999971   2.018584371545253
-3.429999999999971   18.86799725034107
3.429999999999971   2.0039741878298005
-3.4399999999999706   19.11994505034448
3.4399999999999706   1.9892671901181693
-3.4499999999999704   19.374856245847926
3.4499999999999704   1.9744633465503212
-3.45999999999997   19.632761470806404
3.45999999999997   1.9595626255848182
-3.46999999999997   19.893691665514467
3.46999999999997   1.9445649959956368
-3.47999999999997   20.157678079669612
3.47999999999997   1.929470426869014
-3.4899999999999696   20.424752275466307
3.4899999999999696   1.914278887600324
-3.4999999999999694   20.69494613072097
3.4999999999999694   1.8989903478909878
-3.509999999999969   20.96829184202818
3.509999999999969   1.8836047777454115
-3.519999999999969   21.24482192794846
3.519999999999969   1.8681221474679577
-3.5299999999999687   21.524569232227947
3.5299999999999687   1.852542427659945
-3.5399999999999685   21.807566927050225
3.5399999999999685   1.836865589216679
-3.5499999999999683   22.093848516320726
3.5499999999999683   1.8210916033245124
-3.559999999999968   22.383447838983933
3.559999999999968   1.8052204414579343
-3.569999999999968   22.676399072373773
3.569999999999968   1.7892520753766885
-3.5799999999999677   22.97273673559751
3.5799999999999677   1.773186477122922
-3.5899999999999674   23.272495692953488
3.5899999999999674   1.7570236190183597
-3.5999999999999672   23.575711157383022
3.5999999999999672   1.7407634736615096
-3.609999999999967   23.88241869395685
3.609999999999967   1.724406013924895
-3.619999999999967   24.19265422339642
3.619999999999967   1.707951212952313
-3.6299999999999666   24.506454025630383
3.6299999999999666   1.6913990441561233
-3.6399999999999664   24.823854743386686
3.6399999999999664   1.6747494812145625
-3.649999999999966   25.144893385820552
3.649999999999966   1.6580024980690837
-3.659999999999966   25.469607332178757
3.659999999999966   1.6411580689217264
-3.6699999999999657   25.798034335500546
3.6699999999999657   1.6242161682325096
-3.6799999999999655   26.13021252635555
3.6799999999999655   1.6071767707168514
-3.6899999999999653   26.466180416619103
3.6899999999999653   1.5900398513430165
-3.699999999999965   26.805976903285295
3.699999999999965   1.5728053853295867
-3.709999999999965   27.14964127231815
3.709999999999965   1.555473348142958
-3.7199999999999647   27.49721320254133
3.7199999999999647   1.538043715494862
-3.7299999999999645   27.848732769566745
3.7299999999999645   1.5205164633399137
-3.7399999999999642   28.204240449762413
3.7399999999999642   1.5028915678731816
-3.749999999999964   28.563777124260035
3.749999999999964   1.4851690055277835
-3.759999999999964   28.927384083002636
3.759999999999964   1.467348752972506
-3.7699999999999636   29.295103028832663
3.7699999999999636   1.4494307871094478
-3.7799999999999634   29.66697608162099
3.7799999999999634   1.4314150850716871
-3.789999999999963   30.0430457824372
3.789999999999963   1.4133016242209706
-3.799999999999963   30.423355097761572
3.799999999999963   1.395090382145428
-3.8099999999999627   30.807947423739186
3.8099999999999627   1.3767813366573074
-3.8199999999999625   31.196866590476578
3.8199999999999625   1.3583744657907346
-3.8299999999999623   31.590156866381342
3.8299999999999623   1.3398697477994943
-3.839999999999962   31.987862962545154
3.839999999999962   1.321267161154833
-3.849999999999962   32.390030037170604
3.849999999999962   1.302566684543285
-3.8599999999999617   32.79670370004231
3.8599999999999617   1.2837682968645192
-3.8699999999999615   33.20793001704273
3.8699999999999615   1.2648719772292076
-3.8799999999999613   33.62375551471315
3.8799999999999613   1.2458777049569159
-3.889999999999961   34.04422718486028
3.889999999999961   1.2267854595740137
-3.899999999999961   34.469392489208886
3.899999999999961   1.2075952208116074
-3.9099999999999606   34.899299364100976
3.9099999999999606   1.1883069686034917
-3.9199999999999604   35.33399622524198
3.9199999999999604   1.168920683084124
-3.92999999999996   35.7735319724944
3.92999999999996   1.1494363445866165
-3.93999999999996   36.21795599471935
3.93999999999996   1.1298539336407507
-3.9499999999999598   36.66731817466654
3.9499999999999598   1.1101734309710103
-3.9599999999999596   37.1216688939132
3.9599999999999596   1.0903948174946339
-3.9699999999999593   37.581059037852334
3.9699999999999593   1.0705180743196878
-3.979999999999959   38.04554000073086
3.979999999999959   1.050543182743158
-3.989999999999959   38.51516369073817
3.989999999999959   1.0304701242490601
-3.9999999999999587   38.98998253514555
3.9999999999999587   1.01029888050657
-4.009999999999959   39.47004948549701
4.009999999999959   0.9900294333681714
-4.019999999999959   39.95541802285198
4.019999999999959   0.9696617648678234
-4.0299999999999585   40.4461421630805
4.0299999999999585   0.9491958572191456
-4.039999999999958   40.942276462211304
4.039999999999958   0.9286316928136212
-4.049999999999958   41.44387602183342
4.049999999999958   0.9079692542188188
-4.059999999999958   41.95099649455175
4.059999999999958   0.8872085241766311
-4.069999999999958   42.46369408949727
4.069999999999958   0.8663494856015319
-4.079999999999957   42.98202557789224
4.079999999999957   0.8453921215788504
-4.089999999999957   43.50604829867116
4.089999999999957   0.8243364153630623
-4.099999999999957   44.03582016415787
4.099999999999957   0.8031823503760989
-4.109999999999957   44.57139966579945
4.109999999999957   0.7819299102056717
-4.119999999999957   45.11284587995744
4.119999999999957   0.7605790786036155
-4.129999999999956   45.66021847375701
4.129999999999956   0.7391298394842465
-4.139999999999956   46.213577710994585
4.139999999999956   0.7175821769227378
-4.149999999999956   46.77298445810453
4.149999999999956   0.695936075153511
-4.159999999999956   47.33850019018558
4.159999999999956   0.674191518568643
-4.1699999999999555   47.910186997087436
4.1699999999999555   0.6523484917162904
-4.179999999999955   48.48810758955831
4.179999999999955   0.630406979299128
-4.189999999999955   49.072325305453894
4.189999999999955   0.608366966172804
-4.199999999999955   49.662904116008434
4.199999999999955   0.5862284373444098
-4.209999999999955   50.25990863216852
4.209999999999955   0.5639913779709662
-4.2199999999999545   50.8634041109902
4.2199999999999545   0.5416557733579237
-4.229999999999954   51.4734564621001
4.229999999999954   0.5192216089576783
-4.239999999999954   52.0901322542211
4.239999999999954   0.49668887036810205
-4.249999999999954   52.713498721763315
4.249999999999954   0.47405754333108824
-4.259999999999954   53.34362377148095
4.259999999999954   0.45132761373111124
-4.269999999999953   53.980575989195756
4.269999999999953   0.4284990675938007
-4.279999999999953   54.62442464658771
4.279999999999953   0.4055718910845299
-4.289999999999953   55.27523970805359
4.289999999999953   0.3825460705070185
-4.299999999999953   55.93309183763412
4.299999999999953   0.35942159230194887
-4.3099999999999525   56.59805240601047
4.3099999999999525   0.3361984430455966
-4.319999999999952   57.270193497570574
4.319999999999952   0.3128766094484745
-4.329999999999952   57.94958791754628
4.329999999999952   0.28945607835399034
-4.339999999999952   58.63630919922174
4.339999999999952   0.2659368367371177
-4.349999999999952   59.33043161121396
4.349999999999952   0.24231887170308045
-4.3599999999999515   60.0320301648261
4.3599999999999515   0.21860217048605024
-4.369999999999951   60.741180621474356
4.369999999999951   0.194786720447857
-4.379999999999951   61.4579595001891
4.379999999999951   0.17087250907671236
-4.389999999999951   62.18244408519099
4.389999999999951   0.14685952398594584
-4.399999999999951   62.914712433542896
4.399999999999951   0.12274775291275365
-4.40999999999995   63.654843382878326
4.40999999999995   0.09853718371696005
-4.41999999999995   64.40291655920711
4.41999999999995   0.07422780437979105
-4.42999999999995   65.15901238479918
4.42999999999995   0.04981960300266043
-4.43999999999995   65.92321208614717
4.43999999999995   0.025312567805967783
-4.4499999999999496   66.69559770200864
4.4499999999999496   0.0007066871279087332
-4.459999999999949   67.47625209152872
4.459999999999949   -0.023998050576703053
-4.469999999999949   68.265258942444
4.469999999999949   -0.04880165673760206
-4.479999999999949   69.06270277936845
4.479999999999949   -0.0737041426702254
-4.489999999999949   69.86866897216214
4.489999999999949   -0.09870551957685583
-4.4999999999999485   70.68324374438376
4.4999999999999485   -0.1238057985477533
-4.509999999999948   71.5065141818276
4.509999999999948   -0.14900499056227512
-4.519999999999948   72.33856824114588
4.519999999999948   -0.17430310648998504
-4.529999999999948   73.17949475855734
4.529999999999948   -0.1997001570917512
-4.539999999999948   74.02938345864291
4.539999999999948   -0.225196153020833
-4.549999999999947   74.88832496322934
4.549999999999947   -0.25079110482395733
-4.559999999999947   75.75641080036164
4.559999999999947   -0.27648502294238375
-4.569999999999947   76.63373341336525
4.569999999999947   -0.3022779177129592
-4.579999999999947   77.5203861699989
4.579999999999947   -0.32816979936916224
-4.589999999999947   78.41646337169888
4.589999999999947   -0.3541606780421366
-4.599999999999946   79.32206026291587
4.599999999999946   -0.3802505637617145
-4.609999999999946   80.23727304054503
4.609999999999946   -0.40643946645743
-4.619999999999946   81.16219886345048
4.619999999999946   -0.43272739595952164
-4.629999999999946   82.09693586208499
4.629999999999946   -0.4591143619999257
-4.6399999999999455   83.04158314820585
4.6399999999999455   -0.4856003742132591
-4.649999999999945   83.9962408246879
4.649999999999945   -0.5121854421377924
-4.659999999999945   84.96100999543478
4.659999999999945   -0.5388695752164138
-4.669999999999945   85.93599277538912
4.669999999999945   -0.5656527827975822
-4.679999999999945   86.92129230064302
4.679999999999945   -0.5925350741362724
-4.689999999999944   87.91701273864945
4.689999999999944   -0.6195164583949089
-4.699999999999944   88.92325929853594
4.699999999999944   -0.6465969446442924
-4.709999999999944   89.9401382415213
4.709999999999944   -0.6737765418645154
-4.719999999999944   90.96775689143651
4.719999999999944   -0.7010552589458695
-4.729999999999944   92.00622364535087
4.729999999999944   -0.7284331046897434
-4.739999999999943   93.05564798430439
4.739999999999943   -0.7559100878095119
-4.749999999999943   94.11614048414742
4.749999999999943   -0.783486216931416
-4.759999999999943   95.1878128264889
4.759999999999943   -0.8111615005954343
-4.769999999999943   96.27077780975378
4.769999999999943   -0.8389359472561458
-4.7799999999999425   97.36514936035132
4.7799999999999425   -0.8668095652835835
-4.789999999999942   98.47104254395484
4.789999999999942   -0.8947823629640802
-4.799999999999942   99.58857357689439
4.799999999999942   -0.9228543485011053
-4.809999999999942   100.71785983766334
4.809999999999942   -0.9510255300160934
-4.819999999999942   101.85901987853997
4.819999999999942   -0.979295915549265
-4.8299999999999415   103.01217343732537
4.8299999999999415   -1.0076655130604382
-4.839999999999941   104.17744144919862
4.839999999999941   -1.036134330429833
-4.849999999999941   105.35494605869062
4.849999999999941   -1.0647023754588671
-4.859999999999941   106.54481063177752
4.859999999999941   -1.0933696558709443
-4.869999999999941   107.7471597680953
4.869999999999941   -1.122136179312234
-4.87999999999994   108.96211931327625
4.87999999999994   -1.151001953352444
-4.88999999999994   110.18981637140901
4.88999999999994   -1.1799669854855854
-4.89999999999994   111.43037931762309
4.89999999999994   -1.2090312831307286
-4.90999999999994   112.68393781079932
4.90999999999994   -1.2381948536327538
-4.9199999999999395   113.95062280640731
4.9199999999999395   -1.2674577042630921
-4.929999999999939   115.23056656947138
4.929999999999939   -1.2968198422204602
-4.939999999999939   116.5239026876661
4.939999999999939   -1.326281274631588
-4.949999999999939   117.83076608454276
4.949999999999939   -1.3558420085519378
-4.959999999999939   119.15129303288819
4.959999999999939   -1.3855020509664175
-4.9699999999999385   120.48562116821707
4.9699999999999385   -1.4152614087900859
-4.979999999999938   121.83388950239923
4.979999999999938   -1.4451200888688507
-4.989999999999938   123.19623843742322
4.989999999999938   -1.4750780979801612
-4.999999999999938   124.57280977929744
4.999999999999938   -1.505135442833692
-5.009999999999938   125.96374675209042
