3   1
3.022   1.1173333333333333
3.0439999999999996   1.2330650783145818
3.0659999999999994   1.3472415357896668
3.087999999999999   1.4599073454521765
3.109999999999999   1.571105556851174
3.131999999999999   1.6808776968828616
3.1539999999999986   1.78926383396369
3.1759999999999984   1.8963026390700937
3.197999999999998   2.0020314438184927
3.219999999999998   2.1064862957484447
3.2419999999999978   2.20970201096182
3.2639999999999976   2.311712224261536
3.2859999999999974   2.412549436924677
3.307999999999997   2.512245062236702
3.329999999999997   2.6108294689058633
3.3519999999999968   2.70833202246987
3.3739999999999966   2.8047811248002175
3.3959999999999964   2.9002042518034155
3.417999999999996   2.9946279894125585
3.439999999999996   3.088078067957277
3.4619999999999957   3.180579394995033
3.4839999999999955   3.2721560866819823
3.5059999999999953   3.362831497757181
3.527999999999995   3.4526282502097434
3.549999999999995   3.541568260694656
3.5719999999999947   3.6296727667592856
3.5939999999999945   3.7169623519391823
3.6159999999999943   3.803456969778547
3.637999999999994   3.8891759668277017
3.659999999999994   3.974138104667059
3.6819999999999937   4.0583615810043945
3.7039999999999935   4.141864049889731
3.7259999999999933   4.224662641089744
3.747999999999993   4.3067739786614165
3.769999999999993   4.38821419876251
3.7919999999999927   4.468998966734513
3.8139999999999925   4.549143493491813
3.8359999999999923   4.628662551249118
3.857999999999992   4.70757048861748
3.879999999999992   4.785881245097737
3.9019999999999917   4.86360836499869
3.9239999999999915   4.940765010805983
3.9459999999999913   5.017363976026303
3.967999999999991   5.093417697530318
3.989999999999991   5.168938267416574
4.011999999999991   5.243937444417494
4.033999999999991   5.318426664867551
4.055999999999991   5.392417053252734
4.077999999999991   5.46591943235946
4.099999999999992   5.538944333040231
4.121999999999992   5.611502003612482
4.143999999999992   5.6836024189062835
4.165999999999992   5.755255288975811
4.187999999999993   5.826470067488788
4.209999999999993   5.897255959807435
4.231999999999993   5.967621930773817
4.253999999999993   6.037576712211897
4.275999999999994   6.107128810157989
4.297999999999994   6.176286511830825
4.319999999999994   6.245057892351868
4.341999999999994   6.313450821226062
4.3639999999999946   6.381472968592726
4.385999999999995   6.44913181125586
4.407999999999995   6.516434638502723
4.429999999999995   6.58338855771912
4.4519999999999955   6.650000499809495
4.473999999999996   6.716277224429526
4.495999999999996   6.782225325038623
4.517999999999996   6.847851233779348
4.5399999999999965   6.913161226190527
4.561999999999997   6.9781614257604865
4.583999999999997   7.042857808326584
4.605999999999997   7.10725620632694
4.6279999999999974   7.171362312910008
4.649999999999998   7.235181685907406
4.671999999999998   7.298719751675164
4.693999999999998   7.36198180880836
4.715999999999998   7.424973031733889
4.737999999999999   7.487698474185905
4.759999999999999   7.550163072568306
4.781999999999999   7.6123716492084315
4.803999999999999   7.67432891550597
4.826   7.736039474980936
4.848   7.7975078262243755
4.87   7.858738365755342
4.892   7.919735390787532
4.914000000000001   7.9805031019088215
4.936000000000001   8.041045605676834
4.958000000000001   8.101366917133523
4.980000000000001   8.161470962241657
