0   1
0.05   1.0608929423584403
0.1   1.1273305318348028
0.15000000000000002   1.1995900007849833
0.2   1.2779624431826728
0.25   1.3627535077002468
0.3   1.4542841254436996
0.35   1.552891274074325
0.39999999999999997   1.6589287801364816
0.44999999999999996   1.772768161501746
0.49999999999999994   1.8947995119352739
0.5499999999999999   2.025432429890478
0.6   2.1650969937434423
0.65   2.3142447857890547
0.7000000000000001   2.4733499674369477
0.7500000000000001   2.6429104081672357
0.8000000000000002   2.8234488709340377
0.8500000000000002   3.01551425683918
0.9000000000000002   3.2196829120395796
0.9500000000000003   3.436559999999999
