2   2.71828
2.02   2.745462781715416
2.04   2.772916040920475
2.06   2.8006424688881437
2.08   2.82864478353999
2.1   2.8569257297125183
2.12   2.88548807942606
2.14   2.9143346321562467
2.16   2.9434682151081004
2.18   2.972891683492764
2.2   3.0026079208069048
2.22   3.032619839114824
2.24   3.0629303793332925
2.2600000000000002   3.0935425115191566
2.2800000000000002   3.1244592351597302
2.3000000000000003   3.1556835794660123
2.3200000000000003   3.1872186036687578
2.3400000000000003   3.21906739731743
2.3600000000000003   3.2512330805820704
2.3800000000000003   3.2837188045581125
2.4000000000000004   3.3165277515741716
2.4200000000000004   3.349663135502843
2.4400000000000004   3.383128202074539
2.4600000000000004   3.4169262291944005
2.4800000000000004   3.4510605272623054
2.5000000000000004   3.4855344394960186
2.5200000000000005   3.520351342257507
2.5400000000000005   3.5555146453824555
2.5600000000000005   3.5910277925130165
2.5800000000000005   3.626894261433828
2.6000000000000005   3.6631175644113294
2.6200000000000006   3.6997012485364147
2.6400000000000006   3.7366488960704514
2.6600000000000006   3.7739641247947033
2.6800000000000006   3.8116505883631917
2.7000000000000006   3.849711976659026
2.7200000000000006   3.8881520161542467
2.7400000000000007   3.9269744702732052
2.7600000000000007   3.966183139759529
2.7800000000000007   4.005781863046698
2.8000000000000007   4.045774516632275
2.8200000000000007   4.0861650154558244
2.8400000000000007   4.126957313280553
2.8600000000000008   4.168155403078719
2.880000000000001   4.209763317420847
2.900000000000001   4.251785128868764
2.920000000000001   4.294224950372536
2.940000000000001   4.337086935671307
2.960000000000001   4.380375279698098
2.980000000000001   4.424094218988605
3.000000000000001   4.468248032094028
3.020000000000001   4.512841039997978
3.040000000000001   4.557877606537505
3.060000000000001   4.60336213882828
3.080000000000001   4.649299087693977
3.100000000000001   4.6956929480998975
3.120000000000001   4.742548259590884
3.140000000000001   4.78986960673355
3.160000000000001   4.83766161956289
3.180000000000001   4.885928974033297
3.200000000000001   4.934676392474046
3.220000000000001   4.983908644049265
3.240000000000001   5.033630545222468
3.260000000000001   5.083846960225672
3.280000000000001   5.134562801533154
3.300000000000001   5.185783030339894
3.320000000000001   5.237512657044742
3.340000000000001   5.289756741738374
3.360000000000001   5.342520394696065
3.3800000000000012   5.395808776875333
3.4000000000000012   5.449627100418516
3.4200000000000013   5.503980629160309
3.4400000000000013   5.558874679140326
3.4600000000000013   5.61431461912073
3.4800000000000013   5.670305871108987
3.5000000000000013   5.726853910885784
3.5200000000000014   5.783964268538178
3.5400000000000014   5.841642528998013
3.5600000000000014   5.899894332585668
3.5800000000000014   5.958725375559181
3.6000000000000014   6.018141410668808
3.6200000000000014   6.078148247717069
3.6400000000000015   6.138751754124334
3.6600000000000015   6.199957855500007
3.6800000000000015   6.261772536219363
3.7000000000000015   6.3242018400060855
3.7200000000000015   6.38725187052058
3.7400000000000015   6.450928791954099
3.7600000000000016   6.5152388296287524
3.7800000000000016   6.580188270603452
3.8000000000000016   6.645783464285856
3.8200000000000016   6.712030823050365
3.8400000000000016   6.77893682286224
3.8600000000000017   6.846508003907892
3.8800000000000017   6.914750971231408
3.9000000000000017   6.983672395377386
3.9200000000000017   7.053279013040121
3.9400000000000017   7.123577627719221
3.9600000000000017   7.194575110381714
3.9800000000000018   7.266278400130704
4.000000000000002   7.338694504880649
4.020000000000001   7.411830502039314
4.040000000000001   7.48569353919649
4.0600000000000005   7.560290834819508
4.08   7.635629678955658
4.1   7.711717433941547
4.119999999999999   7.788561535119482
4.139999999999999   7.866169491560945
4.159999999999998   7.944548886797227
4.179999999999998   8.023707379557296
4.1999999999999975   8.103652704512962
4.219999999999997   8.18439267303143
4.239999999999997   8.265935173935292
4.259999999999996   8.34828817427004
4.279999999999996   8.431459720079186
4.299999999999995   8.515457937187044
4.319999999999995   8.600291031989268
4.3399999999999945   8.68596729225121
4.359999999999994   8.77249508791418
4.379999999999994   8.859882871909694
4.399999999999993   8.948139180981766
4.419999999999993   9.037272636517363
4.439999999999992   9.127291945385057
4.459999999999992   9.218205900781989
4.4799999999999915   9.310023383089218
4.499999999999991   9.402753360735533
4.519999999999991   9.496404891069812
4.53999999999999   9.590987121242028
4.55999999999999   9.68650928909296
4.579999999999989   9.782980724052724
4.599999999999989   9.880410848048186
4.619999999999989   9.978809176419368
4.639999999999988   10.078185318844916
4.659999999999988   10.178548980276734
4.679999999999987   10.279909961883865
4.699999999999987   10.382278162005722
4.719999999999986   10.485663577114742
4.739999999999986   10.590076302788585
4.759999999999986   10.695526534691938
4.779999999999985   10.802024569568049
4.799999999999985   10.909580806240074
4.819999999999984   11.018205746622332
4.839999999999984   11.12790999674157
4.8599999999999834   11.238704267768338
4.879999999999983   11.35059937705857
4.899999999999983   11.463606249205482
4.919999999999982   11.57773591710187
4.939999999999982   11.692999523012931
4.959999999999981   11.8094083196597
4.979999999999981   11.926973671313212
4.9999999999999805   12.045707054899488
