0   1
0.02   1.021695574978858
0.04   1.0442250614572932
0.06   1.067605137665297
0.08   1.091852815397461
0.1   1.1169854466842681
0.12000000000000001   1.1430207305968114
0.14   1.1699767201876057
0.16   1.1978718295702158
0.18   1.226724841140478
0.19999999999999998   1.2565549129421456
0.21999999999999997   1.2873815861798465
0.23999999999999996   1.3192247928823015
0.25999999999999995   1.3521048637188056
0.27999999999999997   1.3860425359720396
0.3   1.4210589616703384
0.32   1.457175715882603
0.34   1.494414805179113
0.36000000000000004   1.5327986762615533
0.38000000000000006   1.5723502247656425
0.4000000000000001   1.6130928042398134
0.4200000000000001   1.6550502353034677
0.4400000000000001   1.6982468149883951
0.46000000000000013   1.742707326267021
0.48000000000000015   1.7884570477712194
0.5000000000000001   1.8355217637055017
0.5200000000000001   1.8839277739584697
0.5400000000000001   1.9337019044164971
0.5600000000000002   1.984871517483685
0.5800000000000002   2.0374645228122166
0.6000000000000002   2.091509388247319
0.6200000000000002   2.1470351509911234
0.6400000000000002   2.204071428989804
0.6600000000000003   2.262648432548458
0.6800000000000003   2.322796976178285
0.7000000000000003   2.384548490680709
0.7200000000000003   2.447935035473181
0.7400000000000003   2.5129893111615025
0.7600000000000003   2.5797446723635904
0.7800000000000004   2.64823514078972
0.8000000000000004   2.7184954185843724
0.8200000000000004   2.790560901934918
0.8400000000000004   2.8644676949524746
0.8600000000000004   2.940252623830382
0.8800000000000004   3.0179532512858476
0.9000000000000005   3.0976078912904224
0.9200000000000005   3.179255624095089
0.9400000000000005   3.2629363115558485
0.9600000000000005   3.3486906127658234
0.9800000000000005   3.436559999999998
